200 3734
1 80 983
1 163 8165
1 170 2621
1 145 649
1 200 8022
1 173 2070
1 92 648
1 26 4123
1 140 547
1 11 1914
1 160 6462
1 27 7906
1 40 9048
1 150 2184
1 61 9147
1 159 7421
1 198 1725
1 114 509
1 104 6648
1 30 4613
1 99 2368
1 138 7897
1 169 8701
1 49 2438
1 125 2910
1 117 2598
1 55 6400
2 42 1690
2 127 9366
2 5 8027
2 170 9343
2 131 7006
2 172 1439
2 34 316
2 30 2456
2 26 2329
2 6 8848
2 11 1874
2 17 5410
2 157 8644
2 159 1398
2 142 7732
2 182 7909
2 93 8178
3 57 1240
3 101 3382
3 43 7314
3 41 7213
3 91 2484
3 31 3032
3 167 3878
3 106 6522
3 76 7730
3 122 9641
3 144 286
3 44 2166
3 6 9007
3 177 7098
3 119 7712
4 162 3925
4 70 5286
4 195 2491
4 72 6509
4 126 2626
4 121 7640
4 31 400
4 118 3627
4 90 9447
4 127 6809
4 135 7583
4 159 6134
4 106 4770
4 52 9268
4 190 7537
4 78 8059
4 75 7045
4 116 6772
4 49 620
4 107 4384
4 89 6364
4 54 314
5 200 4010
5 112 1523
5 25 3497
5 23 9433
5 64 7837
5 56 8263
5 120 1863
5 2 8027
5 90 8920
5 142 1196
5 81 2470
5 182 8807
5 17 2515
5 83 8408
5 146 5309
5 147 1088
5 51 23
6 141 8201
6 98 5595
6 66 6628
6 159 9501
6 143 3111
6 129 8526
6 118 8548
6 88 2040
6 83 4950
6 165 6474
6 162 6898
6 184 8022
6 123 14
6 176 3513
6 195 2234
6 42 7266
6 47 275
6 132 1515
6 2 8848
6 171 3723
6 3 9007
7 156 7028
7 187 9523
7 87 4977
7 121 8740
7 56 6617
7 10 2905
7 71 8207
7 53 180
7 146 4824
7 165 6020
7 125 5671
7 27 4889
7 63 9921
7 150 9032
7 84 4062
8 152 1258
8 189 2781
8 58 4709
8 26 8343
8 199 1919
8 31 3988
8 35 3161
8 71 5830
8 27 3484
8 69 8816
8 130 56
8 168 2077
8 122 5339
8 73 4529
8 28 9997
8 17 3536
8 40 3194
8 72 7309
8 24 8435
8 87 2834
8 25 3950
8 175 1023
8 177 8509
9 152 1088
9 115 7828
9 17 7003
9 72 795
9 150 4540
9 190 3614
9 95 9481
9 36 5285
9 166 8703
9 63 1754
9 199 71
9 131 701
9 76 9341
9 70 3
9 139 8702
9 140 4164
9 180 5996
10 57 9989
10 78 3772
10 62 4817
10 137 5274
10 7 2905
10 187 4787
10 184 3208
10 96 808
10 31 1185
10 88 2540
10 135 4651
10 168 9496
10 164 3867
10 11 8989
10 116 1494
10 51 5579
10 171 2030
11 1 1914
11 185 2046
11 77 816
11 22 8426
11 181 8449
11 47 8728
11 81 7300
11 150 4803
11 178 1697
11 28 2276
11 183 595
11 131 834
11 157 8498
11 25 5058
11 59 3204
11 10 8989
11 2 1874
11 134 295
11 83 4212
11 124 6181
12 78 5754
12 17 4603
12 62 5677
12 16 8069
12 60 5934
12 67 372
12 71 6735
12 53 7002
12 72 3627
12 34 6691
12 59 762
12 18 1521
12 128 7543
12 38 6700
12 57 9417
13 144 9988
13 59 9802
13 97 7027
13 50 759
13 43 5401
13 163 3871
13 178 4195
13 151 9630
13 45 1795
13 105 6822
13 29 2785
13 172 2071
13 57 6851
13 77 8639
13 135 862
14 149 4353
14 187 4875
14 26 3842
14 128 9663
14 155 4447
14 118 374
14 123 2734
14 106 7913
14 169 4334
14 53 9198
14 161 4276
14 126 9603
14 73 4107
14 160 7861
14 131 359
14 141 4478
14 119 961
14 43 3200
14 47 7899
14 175 6719
14 177 6742
14 60 2465
14 127 5683
14 31 1946
14 143 5849
14 94 3552
14 82 3284
15 42 1790
15 22 3572
15 25 7020
15 163 819
15 56 2335
15 100 810
15 143 1042
15 107 4590
15 190 6855
15 169 7486
15 94 9607
15 34 7962
15 54 8984
15 157 2137
15 24 8041
16 200 2849
16 198 2224
16 92 2897
16 18 8664
16 27 8674
16 75 4117
16 150 1681
16 36 1556
16 41 2748
16 90 4559
16 68 5895
16 12 8069
16 42 2597
16 185 6281
16 171 3483
16 109 1470
16 127 9808
16 178 1715
16 35 840
16 56 9829
16 134 5204
16 55 6681
16 110 4253
17 26 1276
17 45 5115
17 142 8017
17 83 4616
17 140 6441
17 8 3536
17 69 3611
17 153 8546
17 9 7003
17 12 4603
17 173 7313
17 114 8916
17 108 1943
17 54 3116
17 66 6177
17 190 7001
17 70 3900
17 5 2515
17 178 7465
17 166 4763
17 2 5410
17 146 5363
17 117 6267
18 57 4217
18 80 5253
18 86 7518
18 62 1927
18 120 45
18 173 7257
18 133 2703
18 148 590
18 167 7626
18 16 8664
18 170 4990
18 118 6389
18 142 333
18 95 6123
18 99 5718
18 154 454
18 150 5151
18 149 2665
18 146 9001
18 171 4404
18 111 786
18 12 1521
19 33 6939
19 77 7014
19 187 108
19 109 8398
19 88 2003
19 95 8692
19 132 3158
19 195 5039
19 154 4321
19 23 8561
19 152 9752
19 185 5897
19 119 7407
19 160 3998
19 80 63
20 66 2668
20 173 2677
20 43 8106
20 135 6435
20 33 6388
20 74 6184
20 106 8786
20 75 2485
20 130 9049
20 56 7195
20 50 9508
20 88 3015
20 124 393
20 61 2581
20 90 7373
20 92 1705
20 87 2640
20 154 2399
20 41 4204
20 85 1436
20 169 5991
20 166 6087
20 28 2235
20 145 8100
21 23 5184
21 40 2200
21 31 2557
21 71 4987
21 165 2152
21 193 495
21 154 1846
21 111 3061
21 85 2881
21 101 2776
21 182 2448
21 80 9885
21 87 2682
21 102 6644
21 131 3749
22 92 5593
22 64 4258
22 11 8426
22 24 595
22 15 3572
22 42 3784
22 41 1375
22 114 9961
22 144 9363
22 146 3621
22 71 3244
22 143 8604
22 131 6076
22 192 4607
22 108 9657
22 168 4357
22 177 8714
22 132 1561
23 143 7544
23 161 6864
23 45 8075
23 165 209
23 21 5184
23 118 5080
23 40 8337
23 27 9055
23 112 3202
23 135 4561
23 167 2134
23 188 4237
23 166 8078
23 195 3180
23 48 4486
23 137 7592
23 99 6486
23 5 9433
23 71 3317
23 96 2432
23 125 923
23 19 8561
24 141 6863
24 197 9338
24 66 5880
24 59 6942
24 70 4671
24 55 4107
24 103 8084
24 61 7907
24 48 7960
24 151 785
24 177 394
24 102 8732
24 199 2839
24 73 3510
24 8 8435
24 187 9328
24 22 595
24 150 5670
24 164 7313
24 157 9541
24 15 8041
25 115 9234
25 197 3876
25 185 3574
25 72 2333
25 104 4900
25 137 5379
25 8 3950
25 5 3497
25 77 2730
25 136 9252
25 143 109
25 83 9570
25 15 7020
25 48 3215
25 155 3243
25 153 2478
25 129 3006
25 132 220
25 11 5058
25 37 1592
25 68 4189
26 14 3842
26 8 8343
26 1 4123
26 147 5760
26 113 5554
26 157 8
26 65 9435
26 116 4222
26 66 2748
26 138 7028
26 145 6698
26 130 5707
26 60 702
26 127 9897
26 136 7201
26 17 1276
26 120 5789
26 175 6166
26 70 9253
26 95 37
26 106 6941
26 2 2329
26 96 426
26 51 9330
26 183 4843
26 196 6755
27 23 9055
27 78 3067
27 8 3484
27 1 7906
27 152 2125
27 108 9930
27 63 3897
27 151 5916
27 111 3102
27 34 8913
27 182 6235
27 133 7750
27 16 8674
27 192 5345
27 114 715
27 168 1579
27 175 211
27 138 5919
27 7 4889
27 122 85
28 8 9997
28 188 3817
28 116 2639
28 132 5605
28 20 2235
28 178 3643
28 76 3706
28 122 9166
28 184 4165
28 198 367
28 161 9218
28 160 9060
28 56 5376
28 120 8875
28 11 2276
28 111 4496
28 193 9442
28 157 6881
28 48 2804
29 78 8191
29 144 6453
29 114 9479
29 156 5084
29 62 9693
29 121 4538
29 184 9798
29 109 6874
29 153 5447
29 67 3450
29 172 5831
29 111 1006
29 100 1643
29 148 3253
29 13 2785
30 78 5470
30 119 7373
30 144 1617
30 130 1357
30 59 4459
30 40 9819
30 79 504
30 43 6234
30 148 4761
30 42 264
30 1 4613
30 57 5669
30 185 3847
30 101 6980
30 94 6977
30 106 7820
30 2 2456
30 71 9295
31 4 400
31 8 3988
31 50 2599
31 75 7689
31 47 7841
31 99 8584
31 190 5056
31 112 5232
31 114 7618
31 118 6950
31 180 3599
31 21 2557
31 199 5565
31 14 1946
31 3 3032
31 35 9856
31 10 1185
31 146 2838
31 51 3740
31 83 6589
31 46 5965
32 136 3824
32 77 1690
32 92 3396
32 121 1616
32 85 7495
32 173 9632
32 177 6903
32 88 8130
32 36 7330
32 116 6066
32 61 3333
32 68 7353
32 119 1915
32 82 8572
32 70 9910
33 144 4842
33 173 5950
33 170 3649
33 113 653
33 110 1987
33 82 3578
33 61 1838
33 97 5672
33 55 1253
33 19 6939
33 48 915
33 74 3643
33 125 68
33 89 3090
33 176 3259
33 20 6388
33 138 6961
33 153 6575
33 171 3914
34 86 6436
34 156 8642
34 72 2541
34 181 5268
34 27 8913
34 58 8825
34 179 8529
34 62 9865
34 70 2349
34 57 5472
34 53 237
34 168 3924
34 101 3384
34 142 7792
34 55 7175
34 2 316
34 147 9759
34 15 7962
34 199 8197
34 12 6691
35 57 3694
35 8 3161
35 144 3088
35 114 491
35 65 8911
35 178 5775
35 172 993
35 16 840
35 118 8641
35 41 6750
35 31 9856
35 39 854
35 64 6072
35 166 2817
35 184 7438
35 49 3099
35 182 7370
35 110 4986
35 93 8776
36 80 2033
36 130 7590
36 123 6227
36 16 1556
36 150 117
36 88 7760
36 100 8613
36 9 5285
36 198 6281
36 49 954
36 143 5112
36 42 4918
36 134 980
36 159 6044
36 32 7330
36 67 2381
36 148 9551
36 48 7267
37 197 9189
37 119 9314
37 187 4106
37 191 3574
37 109 2136
37 75 752
37 200 7542
37 139 8209
37 155 610
37 142 6434
37 25 1592
37 132 822
37 156 7715
37 107 1145
37 99 7758
38 91 7088
38 88 503
38 132 6093
38 126 5442
38 147 8392
38 12 6700
38 130 5228
38 146 4401
38 108 8713
38 100 1370
38 134 4731
38 87 2976
38 99 6170
38 183 5214
38 109 4946
39 200 4320
39 98 3994
39 130 2415
39 40 2490
39 196 9268
39 133 8146
39 82 3529
39 44 9176
39 42 5465
39 127 6104
39 93 6133
39 180 9507
39 192 7455
39 119 1377
39 115 984
39 81 7401
39 35 854
40 23 8337
40 1 9048
40 120 7761
40 101 2886
40 21 2200
40 144 7773
40 96 5740
40 136 4659
40 184 4307
40 189 4264
40 30 9819
40 39 2490
40 108 8884
40 8 3194
40 80 9658
40 181 2339
40 162 3057
40 71 2827
40 68 5801
41 200 2623
41 78 64
41 66 4655
41 198 7216
41 59 285
41 75 7334
41 22 1375
41 181 5236
41 16 2748
41 154 902
41 150 7279
41 3 7213
41 103 7918
41 163 5257
41 20 4204
41 91 7777
41 35 6750
41 147 1859
41 165 3742
41 107 8117
42 160 2383
42 156 6540
42 6 7266
42 15 1790
42 61 8097
42 164 348
42 194 6499
42 172 5384
42 104 2727
42 124 3497
42 161 4793
42 159 5952
42 117 7075
42 2 1690
42 186 9392
42 62 3250
42 79 9405
42 39 5465
42 187 3076
42 22 3784
42 30 264
42 16 2597
42 137 4573
42 163 1279
42 60 6664
42 70 9397
42 36 4918
42 73 9155
43 200 8944
43 159 9622
43 97 3907
43 20 8106
43 164 6850
43 13 5401
43 3 7314
43 133 8489
43 108 8965
43 30 6234
43 79 5053
43 131 8232
43 167 8121
43 14 3200
43 130 2686
43 138 7966
43 177 9545
43 143 1172
43 65 5806
43 118 8009
43 140 4483
43 93 8480
44 197 4901
44 144 2277
44 198 2620
44 39 9176
44 87 7876
44 191 8131
44 166 6954
44 170 6941
44 163 19
44 79 9989
44 145 2889
44 173 5519
44 57 9980
44 82 3135
44 54 4114
44 3 2166
45 57 4631
45 23 8075
45 112 9497
45 130 4995
45 86 8208
45 17 5115
45 120 5280
45 169 663
45 162 3437
45 170 8061
45 118 5919
45 124 3291
45 110 8318
45 13 1795
45 167 1164
46 57 2414
46 152 9551
46 86 7513
46 123 133
46 138 2861
46 195 8207
46 176 9924
46 119 2688
46 54 9329
46 196 9633
46 73 5110
46 31 5965
46 173 2970
46 193 200
46 80 7969
46 194 2430
47 57 9585
47 114 9481
47 145 9484
47 190 5893
47 182 8383
47 31 7841
47 129 9534
47 142 5298
47 58 1230
47 146 2960
47 6 275
47 14 7899
47 189 5940
47 11 8728
47 76 2139
47 70 2237
48 152 5836
48 23 4486
48 33 915
48 24 7960
48 25 3215
48 135 8870
48 53 3579
48 162 202
48 28 2804
48 141 7942
48 36 7267
48 85 2793
48 86 3589
48 124 2594
48 130 7922
49 160 8649
49 154 2963
49 109 7521
49 36 954
49 178 9748
49 192 3114
49 112 2936
49 35 3099
49 71 3442
49 4 620
49 96 9902
49 171 9737
49 163 4689
49 1 2438
49 133 5168
49 117 2897
49 105 9279
50 152 5768
50 112 6455
50 185 3969
50 77 5221
50 20 9508
50 165 2668
50 98 991
50 187 2486
50 198 3799
50 13 759
50 128 2988
50 189 7032
50 52 9932
50 127 3623
50 31 2599
50 179 2503
50 191 5027
50 153 4906
51 80 7590
51 72 4883
51 137 1097
51 138 8756
51 109 663
51 67 4226
51 181 159
51 132 6108
51 189 8900
51 159 3018
51 5 23
51 10 5579
51 31 3740
51 120 5676
51 26 9330
51 176 1626
52 4 9268
52 115 4974
52 159 7817
52 185 8926
52 188 7806
52 97 9064
52 50 9932
52 137 9847
52 91 425
52 150 635
52 56 2417
52 107 3648
52 68 7602
52 168 1135
52 179 3505
53 14 9198
53 114 7353
53 156 4663
53 62 154
53 85 1228
53 177 9853
53 34 237
53 7 180
53 12 7002
53 48 3579
53 71 9286
53 86 7354
53 150 663
53 183 5305
53 125 8055
53 54 8362
54 197 2224
54 66 2907
54 136 1795
54 188 4884
54 17 3116
54 109 7833
54 44 4114
54 182 439
54 15 8984
54 200 4900
54 112 2280
54 169 2297
54 4 314
54 53 8362
54 138 6262
54 46 9329
55 33 1253
55 188 5182
55 101 6051
55 24 4107
55 169 7796
55 149 3089
55 34 7175
55 193 8584
55 1 6400
55 145 3343
55 105 8478
55 166 3687
55 121 45
55 16 6681
55 82 3548
56 101 3517
56 20 7195
56 179 5285
56 127 3032
56 5 8263
56 161 9812
56 16 9829
56 15 2335
56 52 2417
56 7 6617
56 77 7924
56 182 7268
56 88 3376
56 61 1316
56 117 1935
56 28 5376
56 124 553
56 100 362
57 18 4217
57 94 559
57 186 8816
57 3 1240
57 85 6679
57 45 4631
57 46 2414
57 35 3694
57 84 6564
57 185 9773
57 67 8013
57 47 9585
57 155 894
57 64 811
57 10 9989
57 80 8723
57 160 2059
57 59 2690
57 79 2331
57 30 5669
57 184 7593
57 44 9980
57 162 6484
57 116 657
57 34 5472
57 106 4869
57 131 6343
57 183 9094
57 13 6851
57 12 9417
58 152 5878
58 98 3678
58 8 4709
58 130 7021
58 59 5736
58 121 8819
58 47 1230
58 102 6907
58 150 4858
58 90 7142
58 86 5990
58 175 3676
58 79 2366
58 34 8825
58 186 8994
58 125 1051
58 74 7935
58 147 2268
58 193 6167
59 86 1294
59 147 2652
59 149 2406
59 141 9127
59 112 4586
59 58 5736
59 74 4471
59 24 6942
59 199 8959
59 57 2690
59 13 9802
59 162 392
59 30 4459
59 180 2436
59 41 285
59 72 7155
59 101 1805
59 87 4629
59 168 4171
59 99 672
59 70 8056
59 11 3204
59 12 762
60 200 3270
60 98 2074
60 26 702
60 185 6671
60 120 2232
60 14 2465
60 127 1403
60 12 5934
60 42 6664
60 189 4416
60 107 53
60 146 2318
60 112 2571
60 154 6668
60 177 5346
60 172 2782
61 1 9147
61 159 50
61 33 1838
61 42 8097
61 20 2581
61 24 7907
61 87 9054
61 163 449
61 190 9776
61 155 5302
61 173 4804
61 115 3325
61 196 5578
61 171 6889
61 32 3333
61 56 1316
61 131 6925
61 195 8929
62 97 9164
62 53 154
62 120 3852
62 18 1927
62 154 3239
62 12 5677
62 88 9008
62 152 7405
62 29 9693
62 161 4145
62 10 4817
62 105 2737
62 42 3250
62 107 5325
62 115 1914
62 121 4146
62 116 7420
62 34 9865
62 193 6611
62 103 8384
63 141 5608
63 77 5874
63 27 3897
63 169 5161
63 95 5265
63 69 2324
63 125 1316
63 158 5710
63 102 5807
63 9 1754
63 103 9315
63 71 3008
63 131 5258
63 92 9007
63 96 5639
63 7 9921
64 57 811
64 98 3910
64 97 2202
64 22 4258
64 120 2386
64 177 7661
64 83 2717
64 81 9745
64 111 2664
64 145 2686
64 130 2494
64 148 6420
64 106 257
64 141 159
64 86 415
64 87 9404
64 121 772
64 102 4636
64 5 7837
64 67 2091
64 35 6072
64 131 4632
64 182 4702
64 110 6712
65 152 3596
65 66 6931
65 26 9435
65 97 6171
65 123 9600
65 175 7921
65 155 5534
65 102 1653
65 77 4070
65 198 3576
65 81 3055
65 199 12
65 95 6606
65 35 8911
65 43 5806
65 71 440
65 134 9957
65 74 6618
65 165 3706
65 140 5377
66 80 2903
66 68 8313
66 142 778
66 156 2966
66 41 4655
66 6 6628
66 84 7711
66 102 3329
66 65 6931
66 54 2907
66 24 5880
66 112 2272
66 93 5874
66 94 3425
66 20 2668
66 26 2748
66 130 5827
66 17 6177
66 69 825
66 89 3013
67 57 8013
67 102 5418
67 175 5049
67 153 6205
67 12 372
67 137 1415
67 133 3803
67 64 2091
67 98 981
67 200 476
67 171 1395
67 36 2381
67 29 3450
67 124 1881
67 51 4226
67 195 5738
67 100 6217
67 103 1469
68 141 3541
68 197 8224
68 78 7925
68 66 8313
68 144 2278
68 174 7083
68 16 5895
68 163 4921
68 146 3896
68 52 7602
68 140 9625
68 40 5801
68 25 4189
68 32 7353
68 186 2529
69 8 8816
69 198 6285
69 17 3611
69 156 9960
69 75 3355
69 168 2358
69 102 1173
69 190 8023
69 139 9031
69 161 6172
69 96 4816
69 189 5216
69 66 825
69 94 1428
69 63 2324
70 4 5286
70 24 4671
70 148 7232
70 26 9253
70 17 3900
70 59 8056
70 47 2237
70 42 9397
70 175 3257
70 149 2367
70 92 97
70 153 6533
70 178 3395
70 168 1296
70 156 4831
70 34 2349
70 9 3
70 124 9090
70 32 9910
70 183 5333
71 8 5830
71 22 3244
71 138 1230
71 81 1712
71 170 1540
71 49 3442
71 23 3317
71 134 7486
71 12 6735
71 30 9295
71 21 4987
71 142 6039
71 65 440
71 7 8207
71 40 2827
71 145 6128
71 53 9286
71 63 3008
71 186 7144
71 171 6703
72 4 6509
72 78 5840
72 119 6216
72 114 8351
72 9 795
72 8 7309
72 113 8783
72 102 3378
72 34 2541
72 25 2333
72 59 7155
72 172 3154
72 89 4837
72 178 5129
72 51 4883
72 120 2288
72 174 2020
72 153 542
72 96 860
72 146 4265
72 171 8574
72 157 605
72 12 3627
73 14 4107
73 8 4529
73 159 4970
73 97 6535
73 77 2439
73 24 3510
73 174 2582
73 150 8062
73 139 4429
73 149 5234
73 42 9155
73 90 5134
73 78 213
73 194 8522
73 172 2240
73 46 5110
74 159 8961
74 33 3643
74 59 4471
74 20 6184
74 99 7032
74 179 1224
74 93 5577
74 164 8628
74 58 7935
74 65 6618
74 110 6732
74 108 8252
74 165 2603
74 121 1469
74 182 1874
74 176 8130
75 115 9141
75 141 9238
75 80 2188
75 86 260
75 20 2485
75 92 6096
75 97 1884
75 41 7334
75 87 3245
75 69 3355
75 120 6893
75 131 5903
75 31 7689
75 108 5944
75 4 7045
75 16 4117
75 191 1404
75 81 2610
75 37 752
76 115 7292
76 185 3675
76 181 3276
76 47 2139
76 143 1080
76 28 3706
76 125 1866
76 178 8434
76 3 7730
76 114 9691
76 100 1794
76 200 4624
76 199 6879
76 138 5684
76 141 1970
76 126 9596
76 9 9341
76 83 4425
76 89 6943
77 112 3501
77 160 106
77 189 5703
77 191 5136
77 124 8897
77 198 5082
77 19 7014
77 73 2439
77 63 5874
77 129 2338
77 11 816
77 133 2482
77 192 562
77 32 1690
77 50 5221
77 87 7041
77 25 2730
77 65 4070
77 106 9162
77 153 4484
77 56 7924
77 172 4772
77 13 8639
78 10 3772
78 68 7925
78 12 5754
78 30 5470
78 158 6368
78 122 6208
78 27 3067
78 116 2733
78 41 64
78 72 5840
78 161 6311
78 4 8059
78 104 1378
78 83 3956
78 29 8191
78 98 6604
78 154 8424
78 137 1911
78 135 6920
78 73 213
78 145 7245
79 141 7919
79 101 3206
79 165 3769
79 96 3060
79 119 4118
79 152 6520
79 57 2331
79 42 9405
79 166 8727
79 161 8396
79 30 504
79 89 5170
79 134 5793
79 117 9044
79 129 7315
79 43 5053
79 109 9678
79 58 2366
79 44 9989
79 167 821
79 193 7738
79 194 5785
80 36 2033
80 84 4646
80 1 983
80 115 1418
80 151 6729
80 112 5209
80 51 7590
80 152 9607
80 113 918
80 18 5253
80 121 2258
80 75 2188
80 57 8723
80 133 7218
80 179 7730
80 119 109
80 66 2903
80 40 9658
80 97 7214
80 172 7716
80 89 7225
80 19 63
80 46 7969
80 21 9885
81 115 2609
81 197 5541
81 97 8867
81 101 4494
81 64 9745
81 11 7300
81 71 1712
81 109 2520
81 136 1410
81 39 7401
81 75 2610
81 142 425
81 141 4033
81 183 3062
81 184 4486
81 95 7628
81 5 2470
81 143 9811
81 65 3055
81 89 6125
82 33 3578
82 130 3350
82 156 4692
82 39 3529
82 173 592
82 177 7883
82 44 3135
82 116 8492
82 132 4163
82 135 520
82 131 3458
82 128 6835
82 32 8572
82 55 3548
82 14 3284
83 78 3956
83 6 4950
83 185 9307
83 17 4616
83 64 2717
83 25 9570
83 149 6824
83 5 8408
83 167 8201
83 117 8517
83 165 1556
83 151 163
83 31 6589
83 76 4425
83 11 4212
84 57 6564
84 80 4646
84 119 6418
84 66 7711
84 198 6000
84 136 4271
84 86 196
84 104 5331
84 154 5422
84 137 4368
84 95 3813
84 159 8764
84 170 2437
84 107 2955
84 85 9889
84 134 9313
84 7 4062
85 57 6679
85 160 3614
85 156 6670
85 168 6194
85 136 6222
85 180 5526
85 32 7495
85 118 1103
85 192 545
85 129 518
85 93 2350
85 87 7479
85 189 1148
85 53 1228
85 20 1436
85 167 8111
85 133 837
85 84 9889
85 132 3874
85 128 4645
85 110 6061
85 21 2881
85 48 2793
86 115 4292
86 197 9715
86 144 8809
86 59 1294
86 126 938
86 189 1116
86 18 7518
86 45 8208
86 46 7513
86 177 7011
86 180 4605
86 75 260
86 157 4448
86 84 196
86 34 6436
86 120 5231
86 64 415
86 184 802
86 58 5990
86 142 1664
86 53 7354
86 117 4221
86 48 3589
87 160 8713
87 119 519
87 75 3245
87 94 9648
87 59 4629
87 61 9054
87 44 7876
87 168 9717
87 64 9404
87 164 3630
87 20 2640
87 8 2834
87 77 7041
87 7 4977
87 159 20
87 85 7479
87 191 6922
87 88 8012
87 167 1023
87 158 4082
87 110 1220
87 21 2682
87 38 2976
88 6 2040
88 62 9008
88 20 3015
88 113 7323
88 136 9027
88 32 8130
88 38 503
88 151 2296
88 150 6771
88 183 5548
88 36 7760
88 87 8012
88 94 4630
88 115 6612
88 19 2003
88 161 1727
88 56 3376
88 10 2540
88 125 5013
88 89 6268
89 33 3090
89 72 4837
89 123 1724
89 79 5170
89 174 859
89 76 6943
89 4 6364
89 199 2447
89 105 2737
89 66 3013
89 180 6613
89 80 7225
89 163 4056
89 88 6268
89 81 6125
90 152 4428
90 4 9447
90 115 1118
90 119 929
90 185 7285
90 20 7373
90 16 4559
90 108 9077
90 179 3150
90 139 7847
90 58 7142
90 5 8920
90 73 5134
90 144 6224
90 174 6915
91 160 384
91 181 5061
91 174 3419
91 113 4627
91 95 1807
91 3 2484
91 192 6626
91 52 425
91 115 1106
91 137 4130
91 142 9165
91 41 7777
91 158 5554
91 38 7088
91 200 1989
92 1 648
92 130 4321
92 108 1845
92 134 611
92 194 427
92 177 3183
92 75 6096
92 20 1705
92 94 6086
92 128 557
92 22 5593
92 16 2897
92 186 7981
92 32 3396
92 139 6764
92 121 3820
92 138 8081
92 70 97
92 63 9007
93 66 5874
93 39 6133
93 181 4072
93 154 4074
93 85 2350
93 106 7478
93 74 5577
93 150 9214
93 98 6618
93 147 7808
93 43 8480
93 152 6544
93 35 8776
93 167 5671
93 2 8178
94 57 559
94 66 3425
94 92 6086
94 120 2734
94 87 9648
94 30 6977
94 191 8319
94 139 7117
94 109 1300
94 88 4630
94 170 9319
94 69 1428
94 14 3552
94 115 3351
94 171 9960
94 15 9607
95 119 8127
95 112 556
95 120 1105
95 18 6123
95 91 1807
95 173 4093
95 196 232
95 26 37
95 147 1279
95 19 8692
95 125 2918
95 9 9481
95 63 5265
95 81 7628
95 84 3813
95 65 6606
95 105 6027
96 40 5740
96 79 3060
96 104 9640
96 113 713
96 162 3738
96 155 1252
96 10 808
96 49 9902
96 151 5644
96 23 2432
96 72 860
96 26 426
96 69 4816
96 143 9275
96 183 5940
96 63 5639
96 147 6737
96 193 8832
97 33 5672
97 185 7066
97 52 9064
97 64 2202
97 188 4696
97 192 6412
97 43 3907
97 73 6535
97 13 7027
97 112 7970
97 81 8867
97 80 7214
97 62 9164
97 65 6171
97 140 6528
97 75 1884
97 137 4668
98 115 5826
98 131 4615
98 64 3910
98 155 5516
98 139 1236
98 39 3994
98 102 8331
98 60 2074
98 200 2691
98 166 2365
98 78 6604
98 162 6140
98 58 3678
98 117 9546
98 6 5595
98 144 7199
98 50 991
98 150 2094
98 143 4301
98 67 981
98 93 6618
99 104 9141
99 18 5718
99 174 5676
99 157 6819
99 132 6235
99 182 2898
99 151 4991
99 183 3578
99 59 672
99 133 2091
99 23 6486
99 153 4561
99 31 8584
99 74 7032
99 1 2368
99 127 1409
99 37 7758
99 193 4567
99 194 5833
99 38 6170
100 159 6568
100 137 7179
100 163 9710
100 190 6675
100 36 8613
100 142 2995
100 76 1794
100 67 6217
100 29 1643
100 56 362
100 144 6606
100 128 2585
100 153 9523
100 145 5513
100 15 810
100 38 1370
101 188 8532
101 40 2886
101 157 1394
101 171 4084
101 55 6051
101 144 3620
101 3 3382
101 113 5025
101 81 4494
101 163 6034
101 56 3517
101 129 8822
101 184 9592
101 59 1805
101 79 3206
101 30 6980
101 138 2903
101 143 4043
101 34 3384
101 21 2776
102 98 8331
102 66 3329
102 144 7885
102 72 3378
102 24 8732
102 181 3586
102 137 6815
102 172 6573
102 58 6907
102 64 4636
102 117 2690
102 177 4463
102 67 5418
102 183 9635
102 69 1173
102 65 1653
102 178 1335
102 161 8231
102 63 5807
102 140 6371
102 21 6644
103 200 6852
103 123 8757
103 24 8084
103 41 7918
103 191 9684
103 63 9315
103 112 7410
103 110 492
103 131 2921
103 196 697
103 186 9655
103 62 8384
103 113 5249
103 67 1469
103 114 1319
104 141 8163
104 78 1378
104 42 2727
104 123 9214
104 1 6648
104 126 8616
104 200 7084
104 197 4175
104 84 5331
104 192 4220
104 142 6237
104 99 9141
104 96 9640
104 25 4900
104 172 562
104 179 8828
104 169 3713
105 185 1034
105 62 2737
105 113 3389
105 116 7900
105 89 2737
105 164 4662
105 183 7723
105 55 8478
105 190 2519
105 180 342
105 95 6027
105 119 9931
105 120 9334
105 13 6822
105 49 9279
106 14 7913
106 4 4770
106 115 9599
106 141 675
106 112 4855
106 20 8786
106 64 257
106 181 5333
106 190 3306
106 3 6522
106 30 7820
106 93 7478
106 26 6941
106 77 9162
106 57 4869
106 111 6461
107 114 2033
107 123 4582
107 62 5325
107 187 2611
107 60 53
107 116 9865
107 84 2955
107 182 8314
107 37 1145
107 169 669
107 52 3648
107 4 4384
107 41 8117
107 146 7863
107 112 7449
107 15 4590
107 176 6807
108 200 9977
108 185 8700
108 17 1943
108 40 8884
108 156 7040
108 92 1845
108 75 5944
108 22 9657
108 43 8965
108 27 9930
108 174 5670
108 90 9077
108 145 522
108 143 973
108 113 4343
108 74 8252
108 126 526
108 38 8713
109 152 2744
109 136 8659
109 81 2520
109 169 383
109 51 663
109 49 7521
109 129 2465
109 79 9678
109 54 7833
109 37 2136
109 94 1300
109 185 6645
109 29 6874
109 19 8398
109 16 1470
109 38 4946
110 197 752
110 33 1987
110 145 6100
110 118 9404
110 74 6732
110 126 1074
110 103 492
110 35 4986
110 137 8849
110 165 4098
110 85 6061
110 87 1220
110 45 8318
110 64 6712
110 16 4253
111 197 4084
111 144 5457
111 114 2028
111 64 2664
111 27 3102
111 191 5724
111 162 8772
111 152 1941
111 28 4496
111 106 6461
111 29 1006
111 130 9138
111 133 6768
111 18 786
111 160 9703
111 21 3061
112 23 3202
112 141 131
112 80 5209
112 181 2525
112 95 556
112 77 3501
112 183 9038
112 164 1493
112 155 7916
112 106 4855
112 50 6455
112 133 9084
112 5 1523
112 45 9497
112 173 7339
112 66 2272
112 59 4586
112 97 7970
112 60 2571
112 31 5232
112 149 8737
112 49 2936
112 158 384
112 128 7646
112 107 7449
112 103 7410
112 54 2280
112 196 5664
113 80 918
113 33 653
113 26 5554
113 72 8783
113 101 5025
113 108 4343
113 132 5384
113 116 8037
113 184 5000
113 88 7323
113 105 3389
113 187 6333
113 190 698
113 136 1985
113 96 713
113 91 4627
113 103 5249
114 29 9479
114 180 8491
114 189 3103
114 111 2028
114 192 6814
114 141 6389
114 72 8351
114 115 3113
114 152 9628
114 53 7353
114 129 169
114 107 2033
114 1 509
114 47 9481
114 35 491
114 17 8916
114 22 9961
114 27 715
114 31 7618
114 76 9691
114 117 7877
114 193 4001
114 103 1319
114 194 950
115 152 4384
115 176 8237
115 75 9141
115 25 9234
115 9 7828
115 98 5826
115 52 4974
115 146 9829
115 81 2609
115 128 9073
115 86 4292
115 76 7292
115 90 1118
115 106 9599
115 144 3826
115 80 1418
115 114 3113
115 62 1914
115 39 984
115 91 1106
115 88 6612
115 129 7466
115 166 3002
115 61 3325
115 117 1400
115 94 3351
116 78 2733
116 26 4222
116 113 8037
116 179 8100
116 32 6066
116 105 7900
116 62 7420
116 107 9865
116 82 8492
116 186 8640
116 176 4513
116 192 5907
116 57 657
116 4 6772
116 28 2639
116 10 1494
117 98 9546
117 198 3937
117 42 7075
117 79 9044
117 102 2690
117 56 1935
117 114 7877
117 83 8517
117 86 4221
117 196 3367
117 1 2598
117 49 2897
117 138 7763
117 17 6267
117 115 1400
118 14 374
118 23 5080
118 4 3627
118 6 8548
118 123 2089
118 181 8130
118 18 6389
118 85 1103
118 31 6950
118 166 3980
118 35 8641
118 43 8009
118 45 5919
118 177 8280
118 110 9404
118 128 6290
119 80 109
119 154 742
119 130 731
119 84 6418
119 72 6216
119 30 7373
119 170 276
119 168 1891
119 157 9159
119 90 929
119 121 6262
119 37 9314
119 95 8127
119 14 961
119 87 519
119 79 4118
119 39 1377
119 163 5190
119 169 3512
119 195 618
119 3 7712
119 32 1915
119 19 7407
119 46 2688
119 196 2825
119 105 9931
120 40 7761
120 62 3852
120 72 2288
120 94 2734
120 86 5231
120 95 1105
120 164 5927
120 26 5789
120 18 45
120 155 6823
120 60 2232
120 185 557
120 45 5280
120 179 3328
120 159 5812
120 75 6893
120 64 2386
120 5 1863
120 178 8907
120 28 8875
120 51 5676
120 105 9334
121 4 7640
121 80 2258
121 197 6503
121 119 6262
121 136 1321
121 156 196
121 29 4538
121 7 8740
121 58 8819
121 32 1616
121 168 7187
121 62 4146
121 92 3820
121 173 2977
121 64 772
121 175 8822
121 191 8607
121 162 1978
121 132 3868
121 74 1469
121 165 7148
121 148 8116
121 55 45
122 78 6208
122 8 5339
122 174 8206
122 168 1575
122 162 3519
122 166 6713
122 135 6346
122 28 9166
122 192 1495
122 128 7248
122 189 2018
122 3 9641
122 148 3231
122 27 85
122 179 7378
123 14 2734
123 198 3494
123 6 14
123 104 9214
123 107 4582
123 89 1724
123 118 2089
123 128 1603
123 155 3252
123 46 133
123 36 6227
123 184 2833
123 103 8757
123 65 9600
123 124 6491
123 145 8805
123 193 7461
124 141 169
124 159 6581
124 42 3497
124 123 6491
124 77 8897
124 20 393
124 67 1881
124 158 1871
124 147 9015
124 165 9798
124 136 7389
124 56 553
124 11 6181
124 70 9090
124 45 3291
124 48 2594
125 33 68
125 174 9049
125 95 2918
125 53 8055
125 1 2910
125 63 1316
125 76 1866
125 88 5013
125 58 1051
125 23 923
125 173 2616
125 188 231
125 172 8516
125 196 4520
125 138 9933
125 183 9921
125 7 5671
126 14 9603
126 4 2626
126 159 2981
126 86 938
126 181 8921
126 104 8616
126 179 7437
126 191 3990
126 161 4513
126 108 526
126 155 308
126 110 1074
126 134 5003
126 38 5442
126 76 9596
126 180 7177
127 4 6809
127 160 7535
127 26 9897
127 39 6104
127 50 3623
127 137 4070
127 60 1403
127 156 6373
127 2 9366
127 16 9808
127 56 3032
127 139 2527
127 14 5683
127 99 1409
127 167 3757
127 135 1753
127 161 6644
127 146 8152
128 14 9663
128 115 9073
128 123 1603
128 92 557
128 50 2988
128 190 2969
128 118 6290
128 157 6816
128 132 2790
128 184 6340
128 198 1861
128 112 7646
128 122 7248
128 85 4645
128 82 6835
128 100 2585
128 196 1761
128 12 7543
129 6 8526
129 114 169
129 101 8822
129 77 2338
129 79 7315
129 47 9534
129 85 518
129 175 7122
129 184 5624
129 109 2465
129 143 8022
129 167 5371
129 25 3006
129 159 6896
129 115 7466
130 119 731
130 8 56
130 26 5707
130 45 4995
130 36 7590
130 30 1357
130 184 8489
130 178 616
130 92 4321
130 58 7021
130 82 3350
130 174 4482
130 66 5827
130 39 2415
130 194 9430
130 156 2265
130 20 9049
130 64 2494
130 43 2686
130 137 5927
130 190 3430
130 147 9252
130 111 9138
130 48 7922
130 38 5228
131 14 359
131 98 4615
131 159 4356
131 75 5903
131 22 6076
131 43 8232
131 163 8626
131 11 834
131 57 6343
131 61 6925
131 82 3458
131 64 4632
131 134 6294
131 167 6270
131 2 7006
131 63 5258
131 9 701
131 103 2921
131 21 3749
132 198 2394
132 113 5384
132 99 6235
132 138 5668
132 28 5605
132 19 3158
132 38 6093
132 85 3874
132 82 4163
132 25 220
132 182 6434
132 22 1561
132 147 2848
132 6 1515
132 121 3868
132 128 2790
132 51 6108
132 37 822
133 80 7218
133 112 9084
133 136 3740
133 77 2482
133 39 8146
133 43 8489
133 18 2703
133 27 7750
133 168 900
133 99 2091
133 190 9959
133 139 4720
133 182 8242
133 191 4297
133 85 837
133 153 8438
133 67 3803
133 49 5168
133 111 6768
134 197 6226
134 198 4072
134 92 611
134 79 5793
134 175 4490
134 36 980
134 131 6294
134 71 7486
134 146 9557
134 158 120
134 11 295
134 65 9957
134 135 277
134 16 5204
134 84 9313
134 126 5003
134 38 4731
135 23 4561
135 4 7583
135 20 6435
135 174 6978
135 150 9733
135 190 1432
135 173 5665
135 144 6397
135 127 1753
135 122 6346
135 48 8870
135 82 520
135 158 8349
135 184 7630
135 78 6920
135 10 4651
135 134 277
135 194 5727
135 13 862
136 161 3867
136 195 4280
136 32 3824
136 84 4271
136 168 9520
136 54 1795
136 170 1530
136 197 9069
136 121 1321
136 194 2497
136 109 8659
136 199 7784
136 133 3740
136 145 1770
136 179 6712
136 26 7201
136 40 4659
136 174 5712
136 85 6222
136 113 1985
136 25 9252
136 184 6683
136 81 1410
136 88 9027
136 178 2753
136 124 7389
137 188 9118
137 100 7179
137 42 4573
137 51 1097
137 52 9847
137 97 4668
137 25 5379
137 102 6815
137 130 5927
137 84 4368
137 141 7873
137 23 7592
137 127 4070
137 157 5287
137 78 1911
137 91 4130
137 155 5737
137 67 1415
137 10 5274
137 110 8849
138 200 679
138 160 9903
138 26 7028
138 101 2903
138 51 8756
138 132 5668
138 43 7966
138 92 8081
138 1 7897
138 173 8556
138 33 6961
138 71 1230
138 46 2861
138 27 5919
138 188 893
138 169 7499
138 178 6590
138 125 9933
138 76 5684
138 117 7763
138 54 6262
138 140 5447
139 197 1387
139 98 1236
139 92 6764
139 181 5457
139 176 8187
139 182 2355
139 133 4720
139 158 3452
139 196 3989
139 73 4429
139 90 7847
139 155 2101
139 194 6967
139 69 9031
139 94 7117
139 127 2527
139 162 4511
139 9 8702
139 37 8209
140 1 547
140 17 6441
140 97 6528
140 158 4030
140 151 5290
140 68 9625
140 138 5447
140 43 4483
140 169 2231
140 9 4164
140 155 5002
140 188 6224
140 102 6371
140 166 9830
140 65 5377
141 154 3189
141 68 3541
141 106 675
141 79 7919
141 104 8163
141 24 6863
141 63 5608
141 6 8201
141 75 9238
141 150 2635
141 124 169
141 14 4478
141 112 131
141 164 6500
141 198 2622
141 114 6389
141 185 6821
141 59 9127
141 64 159
141 137 7873
141 81 4033
141 76 1970
141 48 7942
142 66 778
142 17 8017
142 104 6237
142 18 333
142 47 5298
142 81 425
142 91 9165
142 150 2599
142 5 1196
142 34 7792
142 155 6614
142 169 7507
142 86 1664
142 100 2995
142 190 8071
142 2 7732
142 71 6039
142 145 5379
142 37 6434
143 23 7544
143 6 3111
143 22 8604
143 108 973
143 25 109
143 81 9811
143 43 1172
143 186 8431
143 14 5849
143 129 8022
143 101 4043
143 76 1080
143 98 4301
143 155 2443
143 177 3885
143 36 5112
143 153 9941
143 96 9275
143 15 1042
143 176 5063
144 115 3826
144 173 8694
144 29 6453
144 98 7199
144 68 2278
144 195 653
144 102 7885
144 30 1617
144 111 5457
144 33 4842
144 13 9988
144 44 2277
144 86 8809
144 148 3618
144 35 3088
144 40 7773
144 101 3620
144 22 9363
144 184 5223
144 135 6397
144 90 6224
144 3 286
144 100 6606
145 200 2754
145 1 649
145 136 1770
145 26 6698
145 64 2686
145 174 7253
145 47 9484
145 108 522
145 44 2889
145 123 8805
145 71 6128
145 142 5379
145 20 8100
145 78 7245
145 110 6100
145 100 5513
145 55 3343
146 115 9829
146 22 3621
146 47 2960
146 60 2318
146 5 5309
146 127 8152
146 7 4824
146 134 9557
146 18 9001
146 31 2838
146 17 5363
146 68 3896
146 72 4265
146 188 5716
146 167 53
146 107 7863
146 38 4401
147 26 5760
147 59 2652
147 163 7222
147 95 1279
147 132 2848
147 124 9015
147 5 1088
147 34 9759
147 96 6737
147 38 8392
147 41 1859
147 167 5547
147 130 9252
147 149 6380
147 58 2268
147 93 7808
148 160 3996
148 144 3618
148 185 2815
148 64 6420
148 18 590
148 30 4761
148 173 6726
148 179 6375
148 70 7232
148 155 6604
148 122 3231
148 192 4835
148 36 9551
148 121 8116
148 29 3253
149 14 4353
149 59 2406
149 188 1004
149 163 9898
149 70 2367
149 83 6824
149 187 9581
149 174 2825
149 73 5234
149 112 8737
149 55 3089
149 18 2665
149 176 2256
149 190 3756
149 180 3408
149 147 6380
150 141 2635
150 1 2184
150 16 1681
150 41 7279
150 36 117
150 135 9733
150 11 4803
150 98 2094
150 58 4858
150 142 2599
150 73 8062
150 9 4540
150 18 5151
150 24 5670
150 52 635
150 190 5244
150 88 6771
150 53 663
150 7 9032
150 93 9214
151 80 6729
151 156 6170
151 24 785
151 27 5916
151 174 1847
151 168 9217
151 99 4991
151 88 2296
151 178 5980
151 96 5644
151 83 163
151 13 9630
151 140 5290
151 189 9733
151 163 3625
152 161 6940
152 58 5878
152 48 5836
152 9 1088
152 8 1258
152 46 9551
152 189 8141
152 199 2698
152 109 2744
152 65 3596
152 186 2076
152 115 4384
152 50 5768
152 193 5445
152 90 4428
152 80 9607
152 114 9628
152 62 7405
152 79 6520
152 27 2125
152 111 1941
152 19 9752
152 93 6544
153 17 8546
153 99 4561
153 70 6533
153 164 8749
153 29 5447
153 25 2478
153 72 542
153 143 9941
153 173 7614
153 77 4484
153 50 4906
153 165 898
153 133 8438
153 33 6575
153 67 6205
153 100 9523
154 141 3189
154 119 742
154 198 5079
154 156 8063
154 62 3239
154 20 2399
154 18 454
154 49 2963
154 187 1809
154 168 6318
154 200 230
154 185 1449
154 93 4074
154 78 8424
154 84 5422
154 41 902
154 60 6668
154 170 5972
154 19 4321
154 21 1846
154 199 5787
155 57 894
155 14 4447
155 98 5516
155 112 7916
155 123 3252
155 120 6823
155 25 3243
155 139 2101
155 143 2443
155 65 5534
155 142 6614
155 96 1252
155 137 5737
155 148 6604
155 61 5302
155 126 308
155 37 610
155 140 5002
155 194 6769
156 66 2966
156 42 6540
156 82 4692
156 53 4663
156 151 6170
156 7 7028
156 85 6670
156 29 5084
156 154 8063
156 130 2265
156 108 7040
156 34 8642
156 121 196
156 175 2206
156 69 9960
156 70 4831
156 127 6373
156 37 7715
157 119 9159
157 26 8
157 86 4448
157 101 1394
157 187 7185
157 137 5287
157 99 6819
157 11 8498
157 2 8644
157 158 1882
157 128 6816
157 175 1598
157 72 605
157 24 9541
157 28 6881
157 15 2137
158 78 6368
158 187 6715
158 91 5554
158 139 3452
158 169 1710
158 135 8349
158 63 5710
158 195 4913
158 140 4030
158 157 1882
158 124 1871
158 181 970
158 112 384
158 87 4082
158 134 120
159 4 6134
159 160 4244
159 61 50
159 180 5758
159 6 9501
159 194 9392
159 43 9622
159 100 6568
159 126 2981
159 73 4970
159 131 4356
159 124 6581
159 1 7421
159 52 7817
159 74 8961
159 198 8331
159 42 5952
159 120 5812
159 87 20
159 36 6044
159 84 8764
159 129 6896
159 2 1398
159 51 3018
159 193 3787
160 14 7861
160 138 9903
160 127 7535
160 49 8649
160 85 3614
160 189 1531
160 57 2059
160 159 4244
160 183 9294
160 148 3996
160 87 8713
160 180 625
160 179 2543
160 91 384
160 42 2383
160 1 6462
160 77 106
160 28 9060
160 111 9703
160 19 3998
161 152 6940
161 14 4276
161 23 6864
161 78 6311
161 136 3867
161 42 4793
161 62 4145
161 79 8396
161 127 6644
161 69 6172
161 126 4513
161 56 9812
161 196 9730
161 102 8231
161 88 1727
161 28 9218
162 4 3925
162 98 6140
162 6 6898
162 59 392
162 194 1484
162 122 3519
162 57 6484
162 121 1978
162 179 9719
162 139 4511
162 199 7750
162 40 3057
162 111 8772
162 96 3738
162 45 3437
162 186 6115
162 48 202
163 1 8165
163 101 6034
163 41 5257
163 173 5800
163 15 819
163 13 3871
163 149 9898
163 131 8626
163 181 5594
163 119 5190
163 61 449
163 42 1279
163 68 4921
163 100 9710
163 147 7222
163 44 19
163 49 4689
163 192 2763
163 151 3625
163 89 4056
164 141 6500
164 112 1493
164 42 348
164 120 5927
164 43 6850
164 87 3630
164 184 9775
164 170 329
164 153 8749
164 10 3867
164 172 9551
164 74 8628
164 195 9731
164 105 4662
164 24 7313
164 183 616
164 176 8682
165 23 209
165 6 6474
165 79 3769
165 187 1292
165 50 2668
165 153 898
165 166 4222
165 74 2603
165 21 2152
165 121 7148
165 124 9798
165 83 1556
165 65 3706
165 7 6020
165 41 3742
165 110 4098
166 23 8078
166 98 2365
166 79 8727
166 173 6918
166 44 6954
166 167 7081
166 118 3980
166 165 4222
166 168 4400
166 17 4763
166 9 8703
166 122 6713
166 20 6087
166 169 5531
166 115 3002
166 35 2817
166 55 3687
166 140 9830
167 23 2134
167 188 6550
167 187 9539
167 43 8121
167 18 7626
167 127 3757
167 180 6184
167 87 1023
167 79 821
167 83 8201
167 3 3878
167 129 5371
167 85 8111
167 193 8117
167 166 7081
167 131 6270
167 146 53
167 147 5547
167 45 1164
167 199 2002
167 93 5671
168 119 1891
168 8 2077
168 136 9520
168 87 9717
168 154 6318
168 121 7187
168 133 900
168 122 1575
168 85 6194
168 173 3860
168 59 4171
168 27 1579
168 69 2358
168 151 9217
168 22 4357
168 70 1296
168 34 3924
168 166 4400
168 10 9496
168 52 1135
169 14 4334
169 175 9165
169 177 2275
169 45 663
169 20 5991
169 63 5161
169 119 3512
169 104 3713
169 187 9226
169 192 8604
169 109 383
169 158 1710
169 55 7796
169 1 8701
169 138 7499
169 142 7507
169 166 5531
169 107 669
169 15 7486
169 54 2297
169 140 2231
170 119 276
170 1 2621
170 198 8090
170 136 1530
170 33 3649
170 18 4990
170 177 2775
170 44 6941
170 84 2437
170 2 9343
170 154 5972
170 164 329
170 45 8061
170 71 1540
170 94 9319
171 188 6982
171 101 4084
171 16 3483
171 67 1395
171 61 6889
171 49 9737
171 182 4705
171 94 9960
171 10 2030
171 33 3914
171 185 5114
171 71 6703
171 6 3723
171 18 4404
171 72 8574
172 200 6889
172 42 5384
172 72 3154
172 104 562
172 174 3434
172 102 6573
172 175 5354
172 35 993
172 73 2240
172 164 9551
172 29 5831
172 80 7716
172 77 4772
172 2 1439
172 60 2782
172 125 8516
172 13 2071
173 112 7339
173 1 2070
173 144 8694
173 33 5950
173 17 7313
173 20 2677
173 18 7257
173 121 2977
173 168 3860
173 32 9632
173 148 6726
173 82 592
173 163 5800
173 192 2551
173 166 6918
173 179 4235
173 138 8556
173 44 5519
173 95 4093
173 153 7614
173 135 5665
173 61 4804
173 125 2616
173 193 4809
173 46 2970
174 130 4482
174 89 859
174 73 2582
174 135 6978
174 68 7083
174 136 5712
174 91 3419
174 125 9049
174 122 8206
174 145 7253
174 72 2020
174 151 1847
174 172 3434
174 108 5670
174 99 5676
174 179 1887
174 149 2825
174 90 6915
175 156 2206
175 187 2865
175 27 211
175 199 3780
175 67 5049
175 121 8822
175 169 9165
175 134 4490
175 65 7921
175 26 6166
175 172 5354
175 197 5910
175 8 1023
175 129 7122
175 14 6719
175 184 9108
175 70 3257
175 58 3676
175 157 1598
176 200 1710
176 115 8237
176 6 3513
176 33 3259
176 187 1129
176 191 3353
176 139 8187
176 149 2256
176 116 4513
176 46 9924
176 143 5063
176 51 1626
176 164 8682
176 107 6807
176 74 8130
177 86 7011
177 92 3183
177 24 394
177 64 7661
177 102 4463
177 43 9545
177 22 8714
177 190 1333
177 14 6742
177 8 8509
177 170 2775
177 82 7883
177 169 2275
177 32 6903
177 53 9853
177 60 5346
177 143 3885
177 178 7548
177 118 8280
177 3 7098
178 130 616
178 72 5129
178 70 3395
178 13 4195
178 120 8907
178 11 1697
178 151 5980
178 16 1715
178 138 6590
178 102 1335
178 17 7465
178 49 9748
178 177 7548
178 35 5775
178 136 2753
178 28 3643
178 76 8434
179 80 7730
179 160 2543
179 136 6712
179 120 3328
179 56 5285
179 50 2503
179 186 9994
179 180 665
179 104 8828
179 90 3150
179 74 1224
179 148 6375
179 174 1887
179 126 7437
179 173 4235
179 162 9719
179 116 8100
179 34 8529
179 52 3505
179 122 7378
180 160 625
180 159 5758
180 114 8491
180 59 2436
180 86 4605
180 39 9507
180 85 5526
180 179 665
180 191 6313
180 31 3599
180 149 3408
180 167 6184
180 89 6613
180 9 5996
180 126 7177
180 105 342
181 112 2525
181 187 7957
181 41 5236
181 118 8130
181 185 9713
181 139 5457
181 76 3276
181 40 2339
181 11 8449
181 34 5268
181 102 3586
181 126 8921
181 106 5333
181 93 4072
181 91 5061
181 191 4845
181 163 5594
181 158 970
181 51 159
182 27 6235
182 47 8383
182 99 2898
182 139 2355
182 5 8807
182 133 8242
182 132 6434
182 56 7268
182 74 1874
182 35 7370
182 64 4702
182 107 8314
182 54 439
182 171 4705
182 2 7909
182 21 2448
183 160 9294
183 112 9038
183 102 9635
183 99 3578
183 81 3062
183 88 5548
